A   0.0080000   0.1340000  -0.4750000  -0.0390000   0.1810000				
R   0.1710000  -0.3610000   0.1070000  -0.2580000  -0.3640000				
N   0.2550000   0.0380000   0.1170000   0.1180000  -0.0550000				
D   0.3030000  -0.0570000  -0.0140000   0.2250000   0.1560000				
C  -0.1320000   0.1740000   0.0700000   0.5650000  -0.3740000				
Q   0.1490000  -0.1840000  -0.0300000   0.0350000  -0.1120000				
E   0.2210000  -0.2800000  -0.3150000   0.1570000   0.3030000				
G   0.2180000   0.5620000  -0.0240000   0.0180000   0.1060000				
H   0.0230000  -0.1770000   0.0410000   0.2800000  -0.0210000				
I  -0.3530000   0.0710000  -0.0880000  -0.1950000  -0.1070000				
L  -0.2670000   0.0180000  -0.2650000  -0.2740000   0.2060000				
K   0.2430000  -0.3390000  -0.0440000  -0.3250000  -0.0270000				
M  -0.2390000  -0.1410000  -0.1550000   0.3210000   0.0770000				
F  -0.3290000  -0.0230000   0.0720000  -0.0020000   0.2080000				
P   0.1730000   0.2860000   0.4070000  -0.2150000   0.3840000				
S   0.1990000   0.2380000  -0.0150000  -0.0680000  -0.1960000				
T   0.0680000   0.1470000  -0.0150000  -0.1320000  -0.2740000				
W  -0.2960000  -0.1860000   0.3890000   0.0830000   0.2970000				
Y  -0.1410000  -0.0570000   0.4250000  -0.0960000  -0.0910000				
V  -0.2740000   0.1360000  -0.1870000  -0.1960000  -0.2990000				
